#BVGraph properties
#Mon Feb 05 17:09:54 PST 2018
compratio=0.472
bitsforblocks=441833
residualarcs=262915
version=0
zetak=3
residualexpstats=36025,38919,29477,21048,12690,8850,11275,14844,18263,17933,15935,13594,10186,7144,5168,1564
avgref=0.854
residualavggap=1697.902
avgbitsforoutdegrees=6.538
windowsize=7
bitsforintervals=130427
copiedarcs=295856
avgbitsforblocks=18.314
bitsperlink=5.36
bitsforresiduals=2444433
bitsforreferences=50540
avgdist=1.095
successoravgloggap=3.862434986626287
avgbitsforreferences=2.095
successoravggap=918.536
maxrefcount=3
successorexpstats=236931,108289,50327,25079,15563,12370,16767,21359,24624,22444,20340,17373,13138,8941,6362,1765
nodes=24125
compressionflags=
intervalisedarcs=42901
bitspernode=133.677
arcs=601672
bitsforoutdegrees=157729
avgbitsforintervals=5.406
minintervallength=4
graphclass=it.unimi.dsi.webgraph.BVGraph
avgbitsforresiduals=101.324
residualavgloggap=5.848451163549108
