#BVGraph properties
#Mon Feb 05 16:41:43 PST 2018
compratio=0.685
bitsforblocks=5712269
residualarcs=10125800
version=0
zetak=3
residualexpstats=525385,393650,361314,437395,524515,597360,673101,731161,721106,715643,671170,596459,469203,383881,375499,311289,326653,395731,379666,321534,214085
avgref=1.215
residualavggap=87387.281
avgbitsforoutdegrees=5.096
windowsize=7
bitsforintervals=2629691
copiedarcs=2055244
avgbitsforblocks=5.666
bitsperlink=12.083
bitsforresiduals=146359729
bitsforreferences=2613921
avgdist=1.593
successoravgloggap=9.115378064203284
avgbitsforreferences=2.593
successoravggap=84573.828
maxrefcount=3
successorexpstats=1911596,528571,436667,496704,584418,658084,732647,794990,781978,792688,773595,682268,557457,537867,538185,530576,511666,517062,378456,404042,295489
nodes=1008201
compressionflags=
intervalisedarcs=1263962
bitspernode=161.132
arcs=13445006
bitsforoutdegrees=5138217
avgbitsforintervals=2.608
minintervallength=4
graphclass=it.unimi.dsi.webgraph.BVGraph
avgbitsforresiduals=145.169
residualavgloggap=9.698942854834332
